
strategic_region={
	id=12
	name="STRATEGICREGION_12"
	provinces={
		2 9 11 24 34 36 44 45 48 58 60 64 65 67 71 73 76 108 109 117 125 145 150 158 162 164 189 191 207 216 217 225 231 238 270 289 294 297 300 302 318 320 331 372 382 402 407 409 412 424 428 433 453 454 456 481 487 489 497 516 518 524 530 535 566 571 573 580 583 589 608 610 622 629 642 645 657 668 682 707 715 755 763 780 783 785 790 821 823 839 851 866 885 893 899 914 924 936 947 954 966 971 972 973 975 982 986 991 997 998 999 1004 1012 1035 1041 1046 1052 1055 1061 1071 1078 1083 1087 1093 1094 1100 1104 1109 1117 1129 1143 1162 1172 1178 1193 1195 1196 1220 1221 1227 1251 1258 1271 1277 1285 1289 1330 1354 1363 1370 1371 1379 1383 1410 1421 1441 1444 1465 1473 1477 1479 1484 1492 1502 1512 1518 1537 1553 1564 1568 1572 1583 1584 1585 1601 1605 1612 1616 1624 1637 1669 1675 1706 1712 1713 1715 1724 1729 1765 1772 1783 1795 1798 1799 1812 1814 1817 1825 1837 1886 1899 1916 1923 1933 1949 1961 1962 1963 1964 1973 2013 2020 2022 2035 2039 2040 2047 2054 2076 2077 2081 2084 2086 2095 2118 2128 2129 2135 2138 2140 2143 2151 2163 2166 2175 2179 2181 2184 2192 2199 2212 2223 2229 2232 2235 2236 2241 2242 2267 2271 2275 2276 2283 2297 2327 2340 2343 2344 2351 2371 2421 2449 2455 2478 2481 2484 2489 2497 2498 2503 2504 2505 2507 2530 2538 2554 2565 2580 2582 2583 2601 2612 2619 2625 2627 2645 2648 2649 2663 2666 2667 2674 2675 2684 2691 2694 2699 2701 2709 2730 2731 2732 2734 2742 2750 2764 2782 2795 2816 2824 2826 2839 2841 2856 2870 2880 2889 2893 2900 2906 2907 2909 2924 2925 2939 2946 2947 2950 2953 2966 3004 3011 3013 3017 3026 3721 3741 3774 3853 3856 3883 3896 3917 3957 3959 4003 4027 4034 4058 4080 4086 4096 4102 4103 4104 4125 4134 4135 4144 4154 4162 4178 4187 4200 4203 4208 4238 4251 4255 4257 4258 4262 4267 4271 4273 4282 4284 4287 4295 4296 4297 4301 4302 4305 4306 4313 4315 4319 4320 4321 4323 4330 4332 4333 4337 4338 4344 4347 4348 4351 4354 4355 4356 4359 4362 4365 4367 4371 4374 4376 4377 4379 4383 4384 4391 4395 4396 4398 4400 4403 4406 4409 4411 4412 4414 4416 4420 4421 4422 4423 4428 4430 4434 4436 4437 4439 4443 4444 4451 4455 4457 4461 4463 4468 4470 4471 4472 4477 4478 4479 4481 4483 4485 4488 4490 4491 4493 4495 4497 4499 4500 4501 4502 4503 4507 4508 4509 4510 4512 4513 4515 4516 4517 4520 4521 4522 4523 4526 4527 4528 4532 4533 4536 4537 4540 4541 4544 4545 4549 4551 4553 4555 4557 4558 4559 4562 4563 4564 4566 4567 4570 4572 4573 4574 4579 4582 4583 4584 4590 
	}
	weather={
		period={
			between={ 0.0 30.0 }
			temperature={ -6.0 12.0 }
			no_phenomenon=0.500
			rain_light=1.000
			rain_heavy=0.150
			snow=0.200
			blizzard=0.000
			arctic_water=0.000
			mud=0.300
			sandstorm=0.000
			min_snow_level=0.000
		}
		period={
			between={ 0.1 27.1 }
			temperature={ -7.0 12.0 }
			no_phenomenon=0.500
			rain_light=1.000
			rain_heavy=0.150
			snow=0.200
			blizzard=0.050
			arctic_water=0.000
			mud=0.300
			sandstorm=0.000
			min_snow_level=0.000
		}
		period={
			between={ 0.2 30.2 }
			temperature={ -2.0 15.0 }
			no_phenomenon=0.500
			rain_light=1.000
			rain_heavy=0.150
			snow=0.150
			blizzard=0.000
			arctic_water=0.000
			mud=0.300
			sandstorm=0.000
			min_snow_level=0.000
		}
		period={
			between={ 0.3 29.3 }
			temperature={ 1.0 16.0 }
			no_phenomenon=0.500
			rain_light=1.000
			rain_heavy=0.150
			snow=0.000
			blizzard=0.000
			arctic_water=0.000
			mud=0.300
			sandstorm=0.000
			min_snow_level=0.000
		}
		period={
			between={ 0.4 30.4 }
			temperature={ 4.0 19.0 }
			no_phenomenon=0.500
			rain_light=1.000
			rain_heavy=0.150
			snow=0.000
			blizzard=0.000
			arctic_water=0.000
			mud=0.300
			sandstorm=0.000
			min_snow_level=0.000
		}
		period={
			between={ 0.5 29.5 }
			temperature={ 8.0 22.0 }
			no_phenomenon=0.500
			rain_light=1.000
			rain_heavy=0.150
			snow=0.000
			blizzard=0.000
			arctic_water=0.000
			mud=0.300
			sandstorm=0.000
			min_snow_level=0.000
		}
		period={
			between={ 0.6 30.6 }
			temperature={ 9.0 24.0 }
			no_phenomenon=0.500
			rain_light=1.000
			rain_heavy=0.150
			snow=0.000
			blizzard=0.000
			arctic_water=0.000
			mud=0.300
			sandstorm=0.000
			min_snow_level=0.000
		}
		period={
			between={ 0.7 30.7 }
			temperature={ 9.0 25.0 }
			no_phenomenon=0.500
			rain_light=1.000
			rain_heavy=0.150
			snow=0.000
			blizzard=0.000
			arctic_water=0.000
			mud=0.300
			sandstorm=0.000
			min_snow_level=0.000
		}
		period={
			between={ 0.8 29.8 }
			temperature={ 6.0 22.0 }
			no_phenomenon=0.500
			rain_light=1.000
			rain_heavy=0.150
			snow=0.000
			blizzard=0.000
			arctic_water=0.000
			mud=0.300
			sandstorm=0.000
			min_snow_level=0.000
		}
		period={
			between={ 0.9 30.9 }
			temperature={ 3.0 18.0 }
			no_phenomenon=0.500
			rain_light=1.000
			rain_heavy=0.150
			snow=0.050
			blizzard=0.000
			arctic_water=0.000
			mud=0.300
			sandstorm=0.000
			min_snow_level=0.000
		}
		period={
			between={ 0.10 29.10 }
			temperature={ -1.0 15.0 }
			no_phenomenon=0.500
			rain_light=1.000
			rain_heavy=0.150
			snow=0.210
			blizzard=0.000
			arctic_water=0.000
			mud=0.300
			sandstorm=0.000
			min_snow_level=0.000
		}
		period={
			between={ 0.11 30.11 }
			temperature={ -5.0 13.0 }
			no_phenomenon=0.500
			rain_light=1.000
			rain_heavy=0.150
			snow=0.200
			blizzard=0.000
			arctic_water=0.000
			mud=0.300
			sandstorm=0.000
			min_snow_level=0.000
		}
	}
}
