
strategic_region={
	id=6
	name="STRATEGICREGION_6"
	provinces={
		3 7 14 15 16 41 43 47 53 74 78 79 96 98 100 112 119 121 128 136 142 144 146 154 160 173 182 183 188 190 194 195 210 213 214 215 219 221 223 224 226 227 233 236 247 249 251 256 258 269 274 282 283 298 301 308 317 326 333 338 340 343 353 357 360 362 366 378 379 389 395 404 408 417 422 437 440 445 447 451 455 470 476 477 483 490 492 494 496 498 500 505 506 508 513 515 529 531 532 541 542 548 556 558 559 560 561 575 585 596 598 601 602 604 607 626 633 636 640 647 656 666 667 684 689 693 694 696 734 737 738 742 745 753 759 760 774 782 787 797 803 804 808 811 816 826 843 845 871 891 896 916 920 923 925 942 957 959 978 983 995 1001 1003 1007 1017 1021 1022 1026 1028 1032 1037 1048 1050 1057 1062 1066 1074 1084 1086 1095 1099 1111 1113 1115 1125 1142 1144 1145 1147 1148 1151 1155 1156 1158 1177 1192 1198 1210 1212 1214 1219 1241 1253 1254 1273 1278 1280 1283 1284 1287 1303 1305 1308 1312 1314 1315 1317 1323 1327 1346 1358 1359 1362 1367 1378 1380 1385 1389 1399 1402 1413 1414 1419 1423 1433 1447 1452 1454 1461 1463 1466 1478 1487 1498 1504 1526 1534 1539 1542 1544 1555 1556 1560 1565 1576 1578 1589 1598 1602 1604 1606 1611 1614 1617 1619 1625 1646 1649 1651 1660 1662 1677 1678 1679 1680 1682 1696 1698 1699 1705 1711 1718 1720 1722 1734 1740 1741 1749 1756 1759 1763 1767 1768 1780 1782 1784 1785 1787 1792 1800 1804 1811 1824 1830 1832 1838 1843 1849 1851 1852 1868 1870 1871 1873 1880 1884 1894 1902 1907 1919 1931 1944 1950 1955 1977 1979 1983 1985 1992 1994 2009 2011 2017 2021 2027 2031 2033 2036 2037 2038 2071 2080 2083 2087 2093 2107 2160 2164 2186 2188 2191 2198 2200 2201 2206 2209 2217 2224 2230 2237 2238 2245 2247 2266 2272 2281 2290 2291 2294 2300 2302 2303 2308 2321 2334 2345 2349 2352 2354 2360 2362 2367 2383 2384 2385 2389 2393 2395 2400 2403 2410 2418 2423 2424 2444 2456 2459 2460 2482 2502 2508 2511 2512 2514 2531 2536 2539 2541 2559 2562 2563 2564 2569 2573 2585 2593 2598 2602 2606 2607 2617 2634 2643 2644 2646 2653 2655 2656 2658 2680 2682 2683 2687 2689 2698 2705 2707 2713 2718 2721 2726 2733 2735 2743 2756 2758 2761 2763 2765 2771 2776 2778 2780 2787 2791 2792 2793 2796 2807 2809 2811 2821 2825 2834 2844 2846 2857 2862 2864 2875 2886 2891 2904 2910 2915 2922 2927 2931 2933 2944 2956 2958 2962 2963 2964 2969 2976 2978 2979 2981 2996 3002 3022 3030 3297 3308 3312 3319 3325 3328 3333 3335 3336 3339 3350 3353 3361 3374 3375 3383 3384 3387 3390 3398 3399 3404 3405 3407 3408 3413 3414 3417 3418 3420 3424 3427 3438 3445 3446 3449 3459 3468 3475 3491 3493 3498 3503 3505 3512 3514 3522 3525 3527 3528 3531 3533 3536 3538 3552 3557 3561 3562 3564 3568 3573 3574 3583 3586 3591 3593 3602 3605 3606 3608 3611 3612 3617 3619 3620 3625 3628 3630 3641 3642 3645 3646 3648 3651 3659 3662 3663 3670 3671 3673 3676 3680 3681 3684 3686 3694 3699 3700 3701 3705 3709 3711 3713 3714 3723 3728 3733 3737 3739 3742 3743 3744 3746 3755 3758 3766 3767 3768 3771 3775 3780 3781 3786 3789 3791 3798 3801 3805 3810 3812 3816 3817 3826 3831 3844 3851 3854 3860 3861 3867 3872 3875 3879 3880 3884 3886 3887 3888 3893 3898 3900 3901 3904 3912 3913 3923 3924 3927 3932 3935 3938 3946 3961 3972 3981 3984 3985 3998 3999 4006 4011 4012 4014 4018 4025 4028 4049 4050 4062 4070 4090 4097 4098 4105 4112 4119 4120 4122 4137 4148 4158 4160 4168 4175 4180 4183 4189 4194 4196 4204 4206 4211 4221 4223 4232 4235 4236 4244 4245 4247 4248 4265 4274 4276 4279 4281 4285 4292 4298 4308 4312 4316 4322 4327 4328 4336 4339 4340 4342 4349 4357 4358 4361 4368 4369 4373 4387 4389 4393 4402 4407 4413 4415 4435 4442 4449 
	}
	weather={
		period={
			between={ 0.0 30.0 }
			temperature={ -6.0 12.0 }
			no_phenomenon=0.500
			rain_light=1.000
			rain_heavy=0.150
			snow=0.200
			blizzard=0.000
			arctic_water=0.000
			mud=0.300
			sandstorm=0.000
			min_snow_level=0.000
		}
		period={
			between={ 0.1 27.1 }
			temperature={ -7.0 12.0 }
			no_phenomenon=0.500
			rain_light=1.000
			rain_heavy=0.150
			snow=0.200
			blizzard=0.050
			arctic_water=0.000
			mud=0.300
			sandstorm=0.000
			min_snow_level=0.000
		}
		period={
			between={ 0.2 30.2 }
			temperature={ -2.0 15.0 }
			no_phenomenon=0.500
			rain_light=1.000
			rain_heavy=0.150
			snow=0.150
			blizzard=0.000
			arctic_water=0.000
			mud=0.300
			sandstorm=0.000
			min_snow_level=0.000
		}
		period={
			between={ 0.3 29.3 }
			temperature={ 1.0 16.0 }
			no_phenomenon=0.500
			rain_light=1.000
			rain_heavy=0.150
			snow=0.000
			blizzard=0.000
			arctic_water=0.000
			mud=0.300
			sandstorm=0.000
			min_snow_level=0.000
		}
		period={
			between={ 0.4 30.4 }
			temperature={ 4.0 19.0 }
			no_phenomenon=0.500
			rain_light=1.000
			rain_heavy=0.150
			snow=0.000
			blizzard=0.000
			arctic_water=0.000
			mud=0.300
			sandstorm=0.000
			min_snow_level=0.000
		}
		period={
			between={ 0.5 29.5 }
			temperature={ 8.0 22.0 }
			no_phenomenon=0.500
			rain_light=1.000
			rain_heavy=0.150
			snow=0.000
			blizzard=0.000
			arctic_water=0.000
			mud=0.300
			sandstorm=0.000
			min_snow_level=0.000
		}
		period={
			between={ 0.6 30.6 }
			temperature={ 9.0 24.0 }
			no_phenomenon=0.500
			rain_light=1.000
			rain_heavy=0.150
			snow=0.000
			blizzard=0.000
			arctic_water=0.000
			mud=0.300
			sandstorm=0.000
			min_snow_level=0.000
		}
		period={
			between={ 0.7 30.7 }
			temperature={ 9.0 25.0 }
			no_phenomenon=0.500
			rain_light=1.000
			rain_heavy=0.150
			snow=0.000
			blizzard=0.000
			arctic_water=0.000
			mud=0.300
			sandstorm=0.000
			min_snow_level=0.000
		}
		period={
			between={ 0.8 29.8 }
			temperature={ 6.0 22.0 }
			no_phenomenon=0.500
			rain_light=1.000
			rain_heavy=0.150
			snow=0.000
			blizzard=0.000
			arctic_water=0.000
			mud=0.300
			sandstorm=0.000
			min_snow_level=0.000
		}
		period={
			between={ 0.9 30.9 }
			temperature={ 3.0 18.0 }
			no_phenomenon=0.500
			rain_light=1.000
			rain_heavy=0.150
			snow=0.050
			blizzard=0.000
			arctic_water=0.000
			mud=0.300
			sandstorm=0.000
			min_snow_level=0.000
		}
		period={
			between={ 0.10 29.10 }
			temperature={ -1.0 15.0 }
			no_phenomenon=0.500
			rain_light=1.000
			rain_heavy=0.150
			snow=0.210
			blizzard=0.000
			arctic_water=0.000
			mud=0.300
			sandstorm=0.000
			min_snow_level=0.000
		}
		period={
			between={ 0.11 30.11 }
			temperature={ -5.0 13.0 }
			no_phenomenon=0.500
			rain_light=1.000
			rain_heavy=0.150
			snow=0.200
			blizzard=0.000
			arctic_water=0.000
			mud=0.300
			sandstorm=0.000
			min_snow_level=0.000
		}
	}
}
