
strategic_region={
	id=7
	name="STRATEGICREGION_7"
	provinces={
		6 17 23 26 31 33 35 38 39 40 50 51 54 56 57 66 77 81 82 83 84 85 87 94 101 102 106 110 115 118 120 123 124 129 131 132 138 141 148 149 153 156 157 167 168 169 171 172 175 177 178 185 187 192 193 199 203 205 211 218 230 235 241 243 245 248 253 259 261 263 264 268 271 276 279 281 284 286 295 311 327 329 330 336 344 347 350 351 356 368 380 381 390 392 393 394 400 414 415 421 423 432 434 439 442 443 452 462 464 467 474 475 479 482 488 495 501 502 503 504 511 519 522 523 528 534 539 546 550 552 565 576 582 591 592 595 597 605 631 637 639 644 648 651 663 669 673 674 679 681 686 692 699 704 708 716 721 724 731 736 739 741 746 748 750 751 754 764 766 767 768 776 778 784 786 788 805 806 809 819 820 822 827 831 832 835 837 838 846 849 854 856 857 860 862 868 870 872 873 876 879 883 884 886 889 892 898 905 929 931 932 934 935 945 946 949 951 955 962 963 964 969 970 979 988 989 990 994 996 1009 1015 1016 1018 1023 1033 1038 1042 1043 1044 1045 1047 1049 1070 1075 1082 1089 1096 1098 1105 1118 1120 1121 1123 1124 1126 1128 1134 1135 1138 1141 1152 1157 1160 1175 1180 1181 1183 1184 1188 1194 1200 1201 1203 1205 1206 1208 1209 1215 1216 1217 1222 1225 1228 1235 1242 1244 1246 1255 1257 1260 1262 1264 1266 1267 1282 1290 1291 1295 1299 1300 1301 1316 1319 1324 1331 1332 1335 1336 1337 1338 1339 1341 1356 1376 1377 1381 1382 1386 1391 1392 1404 1424 1432 1434 1435 1437 1445 1448 1449 1483 1485 1486 1488 1491 1497 1500 1509 1511 1516 1519 1530 1532 1536 1538 1541 1545 1546 1550 1557 1559 1561 1563 1567 1573 1580 1581 1582 1586 1591 1593 1600 1603 1607 1608 1610 1613 1615 1618 1620 1621 1622 1633 1636 1641 1643 1645 1647 1648 1650 1659 1664 1665 1666 1668 1671 1672 1674 1676 1684 1685 1695 1700 1701 1703 1707 1717 1723 1726 1730 1737 1742 1744 1753 1754 1762 1764 1769 1771 1773 1775 1778 1779 1786 1791 1796 1801 1806 1809 1822 1826 1836 1841 1859 1864 1866 1867 1874 1877 1882 1887 1889 1892 1893 1900 1909 1911 1912 1913 1917 1918 1921 1926 1932 1934 1942 1945 1946 1958 1974 1976 1978 1987 1993 1997 1999 2002 2003 2007 2014 2025 2028 2034 2062 2063 2064 2065 2068 2069 2075 2082 2085 2088 2089 2091 2092 2094 2098 2099 2100 2102 2108 2109 2111 2112 2116 2117 2124 2132 2157 2165 2170 2171 2172 2174 2180 2183 2189 2193 2194 2205 2208 2210 2213 2214 2218 2219 2220 2225 2228 2233 2234 2243 2244 2248 2250 2252 2253 2262 2264 2273 2277 2279 2280 2282 2284 2287 2292 2295 2298 2304 2307 2309 2310 2312 2317 2318 2319 2320 2323 2328 2329 2330 2336 2338 2341 2346 2358 2359 2364 2365 2368 2373 2374 2381 2388 2394 2397 2409 2411 2412 2415 2426 2432 2433 2434 2435 2436 2447 2450 2451 2453 2458 2461 2465 2469 2475 2476 2479 2490 2493 2494 2495 2499 2500 2515 2518 2525 2526 2540 2544 2549 2561 2566 2574 2587 2592 2604 2608 2610 2611 2613 2616 2620 2624 2631 2636 2637 2647 2661 2671 2673 2677 2678 2692 2700 2706 2711 2714 2725 2729 2738 2747 2751 2767 2777 2779 2781 2784 2785 2788 2789 2794 2802 2804 2813 2815 2823 2827 2829 2832 2837 2840 2872 2876 2879 2887 2890 2892 2898 2899 2905 2911 2912 2918 2932 2934 2938 2943 2948 2954 2955 2957 2961 2968 2972 2974 2975 2977 2983 2990 2991 2992 2994 2999 3000 3001 3003 3007 3009 3010 3012 3024 3031 3032 3033 3034 3035 3036 3037 3038 3039 3040 3041 3042 3043 3044 3045 3046 3047 3048 3049 3050 3051 3052 3053 3054 3055 3056 3057 3058 3059 3060 3061 3062 3063 3064 3065 3066 3067 3068 3069 3070 3071 3072 3073 3074 3075 3076 3077 3078 3079 3080 3081 3082 3083 3084 3085 3086 3087 3088 3089 3090 3091 3092 3093 3094 3095 3096 3097 3098 3099 3100 3101 3102 3103 3104 3105 3106 3107 3108 3109 3110 3111 3112 3113 3114 3115 3116 3117 3118 3119 3120 3121 3122 3123 3124 3125 3126 3127 3128 3129 3130 3131 3132 3133 3134 3135 3136 3137 3138 3139 3140 3141 3142 3143 3144 3145 3146 3147 3148 3149 3150 3151 3152 3153 3154 3155 3156 3157 3158 3159 3160 3161 3162 3163 3164 3165 3166 3167 3168 3169 3170 3171 3172 3173 3174 3175 3176 3177 3178 3179 3180 3181 3182 3183 3184 3185 3186 3187 3188 3189 3190 3191 3192 3193 3194 3195 3196 3197 3198 3199 3200 3201 3202 3203 3204 3205 3206 3207 3208 3209 3210 3211 3212 3213 3214 3215 3216 3217 3218 3219 3220 3221 3222 3223 3224 3225 3226 3227 3228 3229 3230 3231 3232 3233 3234 3235 3236 3237 3238 3239 3240 3241 3242 3243 3244 3245 3246 3247 3248 3249 3250 3251 3252 3253 3254 3255 3256 3257 3258 3259 3260 3261 3262 3263 3264 3265 3266 3267 3268 3269 3270 3271 3272 3273 3274 3275 3276 3278 3279 3280 3281 3282 3283 3284 3285 3286 3287 3288 3289 3290 3291 3292 3293 3294 3295 3296 3298 3299 3300 3301 3302 3303 3304 3305 3307 3309 3310 3311 3313 3314 3315 3317 3318 3320 3322 3323 3324 3326 3327 3329 3330 3332 3334 3337 3338 3340 3341 3343 3344 3345 3346 3347 3348 3349 3352 3355 3357 3358 3359 3360 3362 3364 3365 3366 3367 3368 3369 3370 3371 3373 3377 3379 3380 3381 3382 3386 3389 3393 3394 3395 3397 3401 3411 3412 3416 3428 3429 3437 3441 3442 3443 3448 3452 3453 3454 3457 3458 3461 3462 3464 3465 3466 3467 3471 3474 3477 3478 3481 3482 3483 3486 3487 3489 3490 3497 3500 3507 3511 3513 3520 3523 3526 3530 3541 3543 3547 3549 3554 3571 3576 3578 3581 3582 3599 3604 3616 3644 3664 5559 5560 
	}
	weather={
		period={
			between={ 0.0 30.0 }
			temperature={ -6.0 12.0 }
			no_phenomenon=0.500
			rain_light=1.000
			rain_heavy=0.150
			snow=0.200
			blizzard=0.000
			arctic_water=0.000
			mud=0.300
			sandstorm=0.000
			min_snow_level=0.000
		}
		period={
			between={ 0.1 27.1 }
			temperature={ -7.0 12.0 }
			no_phenomenon=0.500
			rain_light=1.000
			rain_heavy=0.150
			snow=0.200
			blizzard=0.050
			arctic_water=0.000
			mud=0.300
			sandstorm=0.000
			min_snow_level=0.000
		}
		period={
			between={ 0.2 30.2 }
			temperature={ -2.0 15.0 }
			no_phenomenon=0.500
			rain_light=1.000
			rain_heavy=0.150
			snow=0.150
			blizzard=0.000
			arctic_water=0.000
			mud=0.300
			sandstorm=0.000
			min_snow_level=0.000
		}
		period={
			between={ 0.3 29.3 }
			temperature={ 1.0 16.0 }
			no_phenomenon=0.500
			rain_light=1.000
			rain_heavy=0.150
			snow=0.000
			blizzard=0.000
			arctic_water=0.000
			mud=0.300
			sandstorm=0.000
			min_snow_level=0.000
		}
		period={
			between={ 0.4 30.4 }
			temperature={ 4.0 19.0 }
			no_phenomenon=0.500
			rain_light=1.000
			rain_heavy=0.150
			snow=0.000
			blizzard=0.000
			arctic_water=0.000
			mud=0.300
			sandstorm=0.000
			min_snow_level=0.000
		}
		period={
			between={ 0.5 29.5 }
			temperature={ 8.0 22.0 }
			no_phenomenon=0.500
			rain_light=1.000
			rain_heavy=0.150
			snow=0.000
			blizzard=0.000
			arctic_water=0.000
			mud=0.300
			sandstorm=0.000
			min_snow_level=0.000
		}
		period={
			between={ 0.6 30.6 }
			temperature={ 9.0 24.0 }
			no_phenomenon=0.500
			rain_light=1.000
			rain_heavy=0.150
			snow=0.000
			blizzard=0.000
			arctic_water=0.000
			mud=0.300
			sandstorm=0.000
			min_snow_level=0.000
		}
		period={
			between={ 0.7 30.7 }
			temperature={ 9.0 25.0 }
			no_phenomenon=0.500
			rain_light=1.000
			rain_heavy=0.150
			snow=0.000
			blizzard=0.000
			arctic_water=0.000
			mud=0.300
			sandstorm=0.000
			min_snow_level=0.000
		}
		period={
			between={ 0.8 29.8 }
			temperature={ 6.0 22.0 }
			no_phenomenon=0.500
			rain_light=1.000
			rain_heavy=0.150
			snow=0.000
			blizzard=0.000
			arctic_water=0.000
			mud=0.300
			sandstorm=0.000
			min_snow_level=0.000
		}
		period={
			between={ 0.9 30.9 }
			temperature={ 3.0 18.0 }
			no_phenomenon=0.500
			rain_light=1.000
			rain_heavy=0.150
			snow=0.050
			blizzard=0.000
			arctic_water=0.000
			mud=0.300
			sandstorm=0.000
			min_snow_level=0.000
		}
		period={
			between={ 0.10 29.10 }
			temperature={ -1.0 15.0 }
			no_phenomenon=0.500
			rain_light=1.000
			rain_heavy=0.150
			snow=0.210
			blizzard=0.000
			arctic_water=0.000
			mud=0.300
			sandstorm=0.000
			min_snow_level=0.000
		}
		period={
			between={ 0.11 30.11 }
			temperature={ -5.0 13.0 }
			no_phenomenon=0.500
			rain_light=1.000
			rain_heavy=0.150
			snow=0.200
			blizzard=0.000
			arctic_water=0.000
			mud=0.300
			sandstorm=0.000
			min_snow_level=0.000
		}
	}
}
