1 14 
1 33 
1 54 
1 115 
1 137 
1 138 
1 182 
1 191 
1 212 
1 218 
1 220 
1 253 
1 273 
1 287 
1 291 
1 298 
1 365 
1 400 
1 448 
1 470 
1 476 
1 516 
1 521 
1 529 
1 532 
1 533 
1 537 
1 588 
1 593 
1 621 
1 678 
1 681 
1 724 
1 731 
1 744 
1 785 
1 787 
1 835 
1 874 
1 883 
1 898 
1 916 
1 962 
1 1047 
1 1101 
1 1124 
1 1167 
1 1206 
1 1271 
1 1335 
1 1349 
1 1362 
1 1364 
1 1371 
1 1417 
1 1441 
1 1506 
1 1523 
1 1544 
1 1586 
1 1622 
1 1647 
1 1663 
1 1697 
1 1723 
1 1736 
1 1757 
1 1773 
1 1779 
1 1787 
1 1841 
1 1884 
1 1921 
1 1927 
1 1971 
1 1980 
1 1987 
1 1995 
1 2010 
1 2036 
1 2057 
1 2063 
1 2067 
1 2085 
1 2090 
1 2092 
1 2119 
1 2137 
1 2143 
