state={
	id=1
	name="STATE_1"
	state_category = town
	resources = {
		tungsten = 44
		steel = 50
		chromium = 35
	}
	
	history={
		owner = OBR
		victory_points = {
			3056 2
		}
		buildings = {
			infrastructure = 2
			arms_factory = 2
			industrial_complex = 13
			dockyard = 5
			3056 = {
				naval_base = 3
			}
			3031 = {
				naval_base = 1
			}
		}
		add_core_of = OBR
	}
	provinces={
		6 23 26 35 38 51 54 82 85 101 102 106 115 118 123 124 131 138 141 157 167 178 192 205 218 230 243 245 268 281 295 327 351 356 368 393 434 442 462 467 474 479 503 511 519 528 539 546 550 565 597 631 637 679 686 736 764 767 768 784 809 822 838 860 862 868 870 872 876 884 892 898 932 934 935 949 964 994 1015 1033 1038 1047 1049 1070 1075 1082 1089 1096 1138 1141 1152 1157 1175 1180 1183 1194 1201 1209 1216 1222 1225 1242 1244 1246 1257 1260 1282 1290 1291 1299 1300 1332 1335 1336 1337 1338 1341 1376 1381 1382 1391 1404 1434 1448 1449 1483 1530 1541 1550 1557 1563 1573 1580 1582 1591 1593 1600 1607 1615 1618 1620 1621 1633 1643 1648 1665 1668 1674 1684 1685 1695 1700 1701 1703 1707 1726 1753 1796 1801 1822 1841 1859 1864 1866 1882 1887 1893 1911 1921 1932 1942 1958 1974 1976 1987 1999 2002 2028 2062 2064 2082 2088 2092 2094 2100 2102 2108 2111 2116 2165 2170 2171 2172 2174 2194 2210 2218 2225 2228 2233 2234 2243 2250 2252 2273 2277 2279 2282 2292 2295 2309 2310 2329 2336 2341 2346 2359 2364 2368 2381 2409 2411 2432 2447 2451 2453 2458 2461 2479 2493 2500 2540 2561 2566 2574 2608 2611 2620 2647 2661 2677 2692 2725 2729 2738 2747 2751 2781 2788 2802 2804 2823 2827 2829 2840 2872 2876 2887 2905 2934 2938 2948 2957 2968 2972 2974 2975 2992 2994 3031 3032 3033 3034 3035 3036 3037 3038 3039 3040 3041 3042 3044 3046 3048 3049 3054 3055 3056 3057 3061 3062 3064 3065 3066 3067 3069 3070 3072 3073 3074 3077 3078 3079 3080 3081 3082 3083 3084 3086 3087 3088 3089 3091 3092 3093 3094 3095 3096 3098 3099 3100 3101 3102 3105 3106 3108 3109 3111 3112 3113 3114 3115 3116 3118 3119 3120 3123 3124 3125 3126 3127 3128 3129 3132 3133 3134 3136 3140 3141 3143 3145 3146 3147 3150 3151 3152 3154 3155 3159 3160 3161 3162 3165 3172 3174 3175 3176 3177 3178 3180 3181 3183 3186 3190 3192 3193 3195 3197 3200 3204 3205 3206 3207 3210 3213 3217 3221 3225 3226 3230 3233 3235 3239 3240 3242 3244 3245 3247 3251 3254 3256 3262 3263 3264 3265 3266 3268 3269 3278 3283 3284 3287 3289 3290 3295 3301 3313 3315 3326 3340 
	}
	manpower=6442036
	buildings_max_level_factor=1.000
}
