state={
	id=11
	name="STATE_11"
	state_category = town
	resources = {
		steel = 209
		aluminium = 19
	}
	
	history={
		owner = UFR
		victory_points = {
			3013 1
		}
		buildings = {
			infrastructure = 1
		}
		add_core_of = UFR
	}
	provinces={
		34 36 48 145 238 270 300 320 407 409 454 456 566 571 580 599 642 707 725 755 780 866 947 954 971 972 1078 1109 1129 1143 1162 1172 1221 1276 1330 1354 1387 1421 1441 1465 1484 1492 1518 1553 1584 1585 1601 1814 1825 1837 1881 1899 1949 1962 2022 2035 2039 2040 2095 2135 2162 2175 2181 2271 2276 2327 2507 2583 2601 2612 2619 2667 2691 2694 2742 2750 2768 2816 2880 2893 2907 2939 2946 2953 2966 3004 3013 4472 4488 4490 4493 4497 4500 4501 4502 4507 4509 4510 4513 4514 4516 4517 4520 4521 4523 4526 4527 4528 4540 4542 4544 4545 4549 4555 4556 4557 4558 4559 4562 4563 4564 4565 4566 4567 4570 4572 4573 4574 4575 4579 4582 4583 4584 4585 4589 4590 
	}
	manpower=34687421
	buildings_max_level_factor=1.000
}
