state={
	id=14
	name="STATE_14"
	state_category = town
	resources = {
		tungsten = 24
		steel = 70
		chromium = 10
	}
	
	history={
		owner = KOL
		victory_points = {
			379 4
		}
		victory_points = {
			408 2
		}
		victory_points = {
			4361 1
		}
		buildings = {
			infrastructure = 1
			4361 = {
				naval_base = 1
			}
		}
		add_core_of = KOL
	}
	provinces={
		15 41 47 53 74 96 100 112 121 142 144 154 160 182 188 210 213 214 221 226 236 247 249 269 298 301 308 317 326 338 340 343 357 362 378 379 389 408 417 440 490 492 494 496 498 506 508 513 515 529 531 532 541 542 558 559 561 585 596 602 604 607 626 636 647 656 666 684 693 694 696 737 745 782 797 804 811 871 891 920 923 925 957 959 978 1001 1007 1037 1057 1066 1095 1099 1111 1125 1144 1145 1147 1151 1156 1158 1192 1198 1212 1214 1219 1241 1253 1273 1278 1283 1305 1308 1314 1323 1327 1359 1378 1380 1385 1389 1399 1402 1413 1423 1447 1452 1466 1478 1498 1504 1534 1539 1542 1544 1555 1556 1565 1576 1589 1602 1604 1606 1611 1614 1617 1619 1625 1646 1651 1678 1679 1682 1696 1699 1711 1720 1749 1756 1780 1784 1787 1792 1804 1811 1824 1843 1849 1852 1868 1870 1871 1880 1884 1907 1919 1944 1950 1955 1977 1979 1985 2009 2027 2031 2033 2037 2038 2071 2080 2083 2093 2160 2164 2186 2188 2198 2200 2201 2217 2224 2230 2245 2266 2290 2291 2294 2300 2302 2321 2345 2349 2352 2354 2360 2362 2385 2389 2393 2395 2400 2410 2423 2424 2444 2456 2459 2502 2536 2539 2541 2559 2562 2569 2585 2606 2617 2634 2646 2655 2656 2658 2689 2698 2713 2735 2763 2765 2771 2778 2780 2792 2793 2796 2809 2811 2825 2834 2846 2875 2904 2915 2931 2944 2963 2969 2978 2981 3002 3503 3525 3527 3533 3552 3557 3561 3583 3586 3591 3605 3606 3617 3619 3625 3642 3648 3659 3662 3671 3673 3676 3681 3686 3694 3700 3701 3709 3714 3728 3737 3739 3744 3755 3766 3771 3775 3780 3781 3786 3789 3791 3810 3816 3817 3831 3844 3860 3861 3867 3872 3884 3886 3887 3888 3893 3900 3913 3923 3924 3927 3935 3946 3961 3972 3984 3985 3998 3999 4006 4014 4025 4050 4062 4070 4090 4097 4098 4105 4112 4119 4120 4137 4148 4158 4160 4175 4180 4183 4189 4194 4196 4204 4206 4211 4221 4223 4232 4235 4236 4244 4245 4247 4248 4265 4274 4276 4279 4281 4285 4292 4298 4308 4312 4316 4322 4327 4328 4336 4339 4340 4342 4349 4357 4358 4361 4368 4369 4373 4387 4389 4393 4402 4407 4413 4415 4435 4442 4449 
	}
	manpower=105889107
	buildings_max_level_factor=1.000
}
