state={
	id=15
	name="STATE_15"
	state_category = town
	resources = {
		tungsten = 77
		steel = 125
		aluminium = 44
	}
	
	history={
		owner = OBR
		victory_points = {
			1581 4
		}
		victory_points = {
			1826 2
		}
		victory_points = {
			2085 1
		}
		victory_points = {
			3487 1
		}
		buildings = {
			infrastructure = 1
		}
		add_core_of = OBR
	}
	provinces={
		17 31 33 39 40 50 57 66 77 81 83 84 87 94 110 129 132 148 149 153 156 168 169 171 172 175 177 185 187 193 199 203 211 235 241 248 253 261 263 264 271 276 279 284 286 311 329 330 336 344 347 350 380 381 390 392 394 400 414 415 421 423 432 439 443 452 464 482 488 495 501 504 522 523 534 552 576 582 592 595 605 644 651 663 669 673 674 681 692 699 704 708 716 721 724 731 739 741 746 748 750 751 754 766 776 778 786 805 806 819 820 827 831 832 835 837 846 849 854 856 857 873 879 883 886 889 905 929 931 945 946 951 955 962 963 969 970 979 988 989 990 996 1009 1018 1023 1042 1043 1044 1045 1098 1105 1118 1120 1121 1123 1124 1126 1128 1134 1135 1160 1181 1184 1188 1203 1205 1206 1208 1215 1217 1228 1235 1255 1262 1264 1266 1267 1295 1301 1316 1319 1324 1331 1339 1356 1377 1386 1392 1424 1432 1435 1437 1445 1485 1486 1491 1497 1500 1509 1511 1516 1519 1532 1536 1538 1545 1546 1559 1561 1567 1581 1586 1603 1608 1610 1613 1622 1636 1641 1645 1647 1650 1659 1664 1671 1676 1717 1723 1730 1737 1742 1744 1754 1762 1769 1771 1773 1775 1778 1779 1786 1791 1806 1809 1826 1836 1867 1874 1877 1889 1892 1900 1909 1912 1913 1917 1926 1934 1945 1946 1978 1993 1997 2003 2007 2014 2025 2034 2063 2065 2068 2069 2075 2085 2089 2091 2098 2099 2112 2117 2124 2132 2157 2180 2183 2189 2193 2208 2213 2214 2219 2220 2244 2248 2253 2262 2264 2280 2284 2287 2298 2304 2307 2312 2317 2318 2319 2320 2323 2328 2330 2338 2358 2365 2373 2374 2388 2394 2397 2412 2415 2426 2433 2434 2435 2436 2450 2465 2469 2476 2490 2494 2495 2499 2515 2518 2525 2526 2544 2549 2587 2592 2604 2610 2613 2624 2636 2637 2671 2673 2678 2700 2711 2714 2767 2777 2784 2785 2789 2794 2813 2815 2832 2837 2879 2890 2892 2898 2899 2911 2912 2932 2943 2954 2955 2961 2977 2983 2990 2991 2999 3000 3003 3007 3009 3010 3012 3024 3043 3045 3047 3050 3051 3052 3053 3058 3059 3060 3063 3068 3071 3075 3076 3085 3090 3097 3103 3104 3107 3110 3117 3121 3122 3130 3131 3135 3137 3138 3139 3142 3144 3148 3149 3153 3156 3157 3158 3163 3164 3166 3167 3168 3169 3170 3171 3173 3179 3182 3184 3185 3187 3188 3189 3191 3194 3196 3198 3199 3201 3202 3203 3208 3209 3211 3212 3214 3215 3216 3218 3219 3220 3222 3223 3224 3227 3228 3229 3231 3232 3234 3236 3237 3238 3241 3243 3246 3248 3249 3250 3252 3253 3255 3257 3258 3259 3260 3261 3267 3271 3272 3273 3275 3276 3279 3280 3281 3285 3286 3288 3291 3292 3293 3294 3296 3298 3299 3302 3303 3304 3305 3307 3310 3317 3318 3320 3322 3323 3327 3329 3332 3334 3337 3341 3343 3344 3345 3346 3347 3348 3352 3355 3357 3358 3360 3362 3364 3365 3366 3367 3369 3370 3371 3377 3379 3380 3381 3386 3389 3393 3394 3395 3397 3401 3411 3412 3416 3428 3429 3437 3441 3442 3443 3448 3452 3453 3454 3457 3458 3461 3462 3464 3465 3466 3467 3471 3474 3477 3478 3481 3482 3483 3486 3487 3489 3490 3497 3500 3507 3511 3513 3520 3523 3526 3530 3541 3543 3547 3549 3554 3571 3576 3578 3581 3582 3599 3604 3616 3644 3664 5559 5560
	}
	manpower=6841967
	buildings_max_level_factor=1.000
}
