state={
	id=16
	name="STATE_16"
	state_category = town
	resources = {
		aluminium = 50
		steel = 19
		chromium = 25
	}
	
	history={
		owner = KOL
		victory_points = {
			759 1
		}
		buildings = {
			infrastructure = 1
		}
		add_core_of = KOL
	}
	provinces={
		14 16 43 79 128 136 183 219 224 227 233 251 256 274 333 437 447 500 505 548 556 560 575 601 633 640 689 738 759 803 816 826 845 942 983 995 1028 1032 1050 1062 1074 1084 1086 1113 1142 1177 1210 1315 1317 1346 1358 1367 1414 1578 1598 1649 1662 1680 1705 1718 1722 1734 1759 1782 1785 1851 1894 1983 1992 2017 2021 2036 2107 2109 2237 2247 2281 2334 2367 2383 2384 2418 2460 2508 2511 2514 2563 2564 2573 2602 2607 2643 2644 2680 2683 2721 2726 2761 2776 2779 2787 2791 2821 2864 2910 2933 2962 2976 2979 3030 3297 3308 3312 3319 3325 3328 3335 3336 3339 3350 3353 3361 3374 3375 3384 3387 3390 3399 3404 3405 3408 3414 3420 3427 3446 3459 3475 3498 3505 3512 3514 3522 3528 3536 3538 3562 3564 3568 3574 3608 3612 3620 3628 3630 3646 3663 3684 3705 3711 
	}
	manpower=7275609
	buildings_max_level_factor=1.000
}
