state={
	id=17
	name="STATE_17"
	state_category = town
	resources = {
		tungsten = 16
		steel = 27
		chromium = 16
	}
	
	history={
		owner = ARS
		victory_points = {
			588 1
		}
		buildings = {
			infrastructure = 1
			arms_factory = 4
			industrial_complex = 3
		}
		add_core_of = ARS
	}
	provinces={
		4 10 12 29 42 52 59 140 143 147 197 198 200 208 229 232 237 277 304 305 316 319 323 334 337 342 396 397 403 436 466 468 469 507 521 536 547 551 562 572 584 588 590 603 612 617 620 624 638 659 660 661 676 678 685 700 701 726 728 732 752 758 761 770 771 772 777 807 863 910 915 921 927 953 974 976 981 987 993 1002 1006 1019 1027 1029 1030 1059 1072 1085 1116 1133 1153 1163 1174 1211 1234 1237 1268 1272 1274 1288 1307 1326 1333 1375 1408 1412 1415 1416 1417 1418 1464 1482 1495 1506 1508 1547 1579 1596 1628 1630 1656 1657 1661 1689 1691 1708 1719 1728 1745 1751 1757 1770 1794 1797 1802 1803 1821 1829 1831 1833 1876 1891 1895 1920 1922 1925 1928 1951 1959 1960 1966 1971 1988 1990 1991 2001 2004 2046 2074 2078 2079 2110 2130 2134 2136 2142 2173 2176 2182 2187 2196 2202 2226 2231 2255 2260 2268 2285 2324 2331 2332 2333 2366 2370 2372 2398 2417 2431 2437 2442 2470 2477 2496 2510 2517 2520 2521 2548 2552 2576 2579 2581 2591 2597 2618 2629 2640 2642 2651 2659 2672 2676 2685 2688 2710 2722 2723 2739 2745 2749 2762 2810 2831 2843 2847 2855 2858 2883 2888 2941 2980 2993 3008 3015 3391 3392 3406 3415 3419 3430 3431 3432 3433 3434 3447 3450 3456 3460 3463 3479 3492 3494 3502 3518 3521 3529 3532 3539 3555 3566 3570 3577 3584 3594 3595 3596 3598 3610 3613 3614 3623 3634 3639 3640 3643 3650 3652 3653 3660 3668 3674 3675 3683 3691 3696 3710 3712 3715 3717 3718 3719 3729 3732 3734 3740 3753 3760 3763 3764 3765 3773 3783 3787 3792 3794 3795 3803 3823 3824 3835 3839 3855 3877 3885 3892 3903 3909 3931 3934 3939 3951 3955 3956 3967 3975 3979 3986 3987 4008 4016 4035 4039 4057 4066 4067 4073 4076 4085 4087 4092 4093 4109 4113 4124 4128 4132 4141 4157 4174 4176 4202 4229 4270 4277 
	}
	manpower=13124737
	buildings_max_level_factor=1.000
}
