state={
	id=18
	name="STATE_18"
	state_category = town
	resources={
		steel = 105
		aluminium = 18
	}
	
	history={
		owner = SKO
		victory_points = {
			3575 1
		}
		buildings = {
			infrastructure = 1
			arms_factory = 3
			industrial_complex = 2
		}
		add_core_of = SKO
	}
	provinces={
		8 21 27 89 95 99 114 126 161 165 202 220 228 234 262 273 291 314 315 346 354 359 361 363 399 411 429 441 471 472 480 484 510 514 517 537 567 623 672 688 690 702 711 712 714 859 869 880 890 902 919 967 984 985 1011 1053 1080 1103 1114 1119 1161 1171 1179 1197 1207 1231 1232 1233 1236 1261 1270 1334 1348 1350 1355 1369 1393 1400 1420 1422 1431 1436 1470 1474 1475 1489 1490 1503 1514 1520 1554 1574 1632 1634 1642 1654 1667 1721 1733 1788 1820 1842 1850 1861 1869 1888 1890 1927 1937 1980 1995 1996 2005 2010 2026 2029 2042 2051 2055 2056 2058 2059 2067 2133 2150 2153 2177 2251 2263 2353 2356 2382 2387 2396 2405 2416 2419 2454 2474 2483 2486 2492 2506 2516 2519 2534 2542 2551 2553 2577 2588 2605 2622 2630 2638 2652 2670 2690 2693 2715 2755 2812 2820 2838 2848 2852 2863 2902 2916 2935 2936 2960 2967 2988 3005 3014 3023 3400 3403 3422 3423 3425 3426 3435 3444 3470 3480 3484 3485 3496 3499 3504 3506 3508 3510 3516 3519 3535 3537 3542 3546 3548 3550 3553 3556 3567 3575 3585 3590 3597 3607 3615 3624 3631 3636 3654 3655 3658 3665 3672 3677 3688 3692 3693 3703 3706 3720 3754 3776 3790 3793 3800 3808 3819 3842 3847 3848 3849 3852 3870 3873 3876 3889 3895 3906 3940 3945 3968 3971 4009 4023 4038 4079 4214 4250 4254 
	}
	manpower=17932651
	buildings_max_level_factor=1.000
}
