state={
	id=181
	name="STATE_181"
	history={
		buildings = {
			infrastructure = 1
		}
		owner = EDE
		add_core_of = EDE
	}
	provinces={
		4614 4615 4616 4617 4618 4619 4620 4621 4622 4623 4624 4625 4626 4627 4628 4631 4632 4634 4636 4637 4638 4639 4647 4650 4653 4654 4659 4663 4664 4665 4666 4670 4671 4674 4678 4682 4687 4689 4690 4695 4696 4700 4707 4708 4711 4713 4715 4719 4720 4721 4727 4728 4731 4736 4739 4744 4750 4753 4758 4759 4760 4761 4764 4766 4776 4777 4780 4782 4783 4789 4791 4792 4793 4798 4800 4802 4805 4806 4807 4810 4811 4817 4819 4821 4822 4828 4836 4837 4838 4840 4841 4844 4847 4848 4849 4850 4851 4858 4870 4874 4875 4876 4879 4880 4883 4885 4892 4893 4898 4899 4905 4908 4909 4921 4922 4938 4946 4953 4954 4964 4966 4976 
	}
	manpower=111111
	buildings_max_level_factor=1.000
	local_supplies=0.000
	state_category=town
}
