state={
	id=182
	name="STATE_182"
	history={
		buildings = {
			infrastructure = 1
		}
		owner = HAL
		add_core_of = HAL
	}
	provinces={
		4641 4642 4648 4649 4652 4655 4657 4658 4662 4667 4668 4669 4672 4677 4680 4685 4686 4691 4692 4698 4699 4702 4705 4706 4709 4710 4714 4718 4724 4726 4730 4733 4734 4735 4741 4742 4743 4746 4747 4748 4749 4756 4763 4765 4768 4769 4773 4774 4775 4779 4781 4787 4788 4797 4799 4804 4808 4815 4816 4818 4825 4826 4827 4831 4832 4833 4834 4835 4843 4854 4856 4863 4864 4865 4866 4867 4868 4873 4877 4878 4884 4888 4891 4896 4897 4903 4910 4913 4914 4918 4924 4927 4929 4934 4936 4937 4939 4940 4943 4944 4948 4949 4952 4955 4956  4961 4962 4965 4969 4970 4972 4973 4975 4977 4982 4983 4986 4988 4989 4990 4993 4994 4995 4996 4997 4998 5000 5001 5002 5005 5006 5007 5008 5009 5012 5013 5014 5015 5017 5019 5021 5024 5026 5029 5030 5031 5034 5035 5036 5037 5038 5040 5041 5043 5044 5045 5047 5049 5050 5054 5057 5060 5061 5062 5064 5065 5066 5067 5068 5070 5071 5073 5074 5076 5077 5078 5081 5084 5086 5087 5090 5091 5093 5094 5095 5096 5097 5098 5101 5104 5106 5108 5109 5115 5116 5118 5119 5120 5121 5122 5123 5124 5125 5126 5127 5128 5129 5130 5131 5135 5139 5142 5144 5145 5147 5148 5151 5152 5153 5154 5155 5157 5158 5159 5161 5162 5165 5166 5168 5171 5172 5173 5174 5175 5177 5179 5183 5186 5191 5194 5198 5204 5206 5213 5230 5237 5265 
	}
	manpower=111111
	buildings_max_level_factor=1.000
	local_supplies=0.000
	state_category=town
}
