state={
	id=183
	name="STATE_183"
	history={
		buildings = {
			infrastructure = 1
		}
		owner = BRV
		add_core_of = BRV
	}
	provinces={
		4629 4630 4633 4635 4640 4643 4644 4645 4646 4651 4656 4660 4661 4673 4675 4676 4679 4681 4683 4684 4688 4693 4694 4697 4701 4703 4704 4712 4716 4717 4722 4723 4725 4729 4732 4737 4738 4740 4745 4751 4752 4754 4755 4757 4762 4767 4770 4771 4772 4778 4784 4785 4786 4794 4795 4796 4801 4803 4809 4813 4814 4824 4839 4842 4846 4861 4862 4869 4872 4887 4890 4895 4902 4904 4907 4916 4917 4920 4926 4930 4931 4935 4941 4942 4957 4958 4960 4963 4980 4987 4992 5003 5016 5020 5025 5027 5028 5042 5055 5056 5058 5059 5069 5079 5089 5092 5100 5102 5103 5114 5117 5134 5136 
	}
	manpower=111111
	buildings_max_level_factor=1.000
	local_supplies=0.000
	state_category=town
}
