state={
	id=184
	name="STATE_184"
	history={
		buildings = {
			infrastructure = 1
		}
		owner = MAS
		add_core_of = MAS
	}
	provinces={
		4790 4812 4820 4823 4829 4830 4845 4852 4853 4855 4857 4859 4860 4871 4881 4882 4886 4889 4894 4900 4901 4906 4911 4912 4915 4919 4923 4925 4928 4932 4933 4945 4947 4950 4951 4959 4967 4968 4971 4974 4978 4979 4981 4984 4985 4991 4999 5004 5010 5011 5018 5022 5023 5032 5033 5039 5046 5048 5051 5052 5053 5063 5072 5075 5080 5082 5083 5085 5088 5099 5105 5111 5112 5113 5133 
	}
	manpower=111111
	buildings_max_level_factor=1.000
	local_supplies=0.000
	state_category=town
}
