state={
	id=185
	name="STATE_185"
	history={
		buildings = {
			infrastructure = 1
		}
		owner = NOM
		add_core_of = NOM
	}
	provinces={
		5107 5110 5132 5137 5138 5140 5141 5143 5146 5149 5150 5156 5160 5163 5164 5167 5169 5170 5176 5178 5180 5184 5187 5188 5192 5193 5195 5196 5197 5200 5201 5202 5203 5205 5207 5208 5209 5214 5217 5218 5219 5221 5222 5223 5226 5231 5233 5235 5236 5238 5240 5241 5242 5243 5245 5246 5249 5250 5252 5255 5256 5257 5261 5263 5266 5267 5268 5271 5272 5274 5277 5278 5279 5280 5283 5285 5289 5290 5293 5294 5295 5296 5297 5298 5299 5300 5301 5304 5306 5307 5308 5310 5311 5312 5313 5315 5317 5318 5319 5322 5323 5326 5327 5328 5329 5330 5331 5333 5334 5335 5338 5339 5340 5341 5343 5344 5345 5346 5349 5351 5353 5356 5357 5358 5361 5363 5365 5366 5368 5371 5379 5380 5386 
	}
	manpower=111111
	buildings_max_level_factor=1.000
	local_supplies=0.000
	state_category=town
}
