state={
	id=186
	name="STATE_186"
	history={
		buildings = {
			infrastructure = 1
		}
		owner = HEL
		add_core_of = HEL
	}
	provinces={
		5181 5182 5185 5189 5190 5199 5210 5211 5212 5215 5216 5220 5224 5225 5227 5228 5229 5232 5234 5239 5244 5247 5248 5251 5253 5254 5258 5259 5260 5262 5264 5269 5270 5273 5275 5276 5281 5282 5284 5286 5287 5288 5291 5292 5302 5303 5305 5309 5314 5316 5320 5321 5324 5325 5332 5336 5337 5342 5347 5350 5352 5354 5355 5359 5360 5362 5364 5367 5369 5372 5373 5374 5375 5376 5377 5378 5381 5382 5383 5384 5385 5387 5388 5389 5391 5392 5393 5394 5395 5396 5397 5398 5399 5400 5401 5402 5403 5404 5405 5406 5407 5408 5409 5410 5411 
	}
	manpower=111111
	buildings_max_level_factor=1.000
	local_supplies=0.000
	state_category=town
}
