state={
	id=187
	name="STATE_187"
	history={
		buildings = {
			infrastructure = 1
		}
		owner = KLT
		add_core_of = KLT
	}
	provinces={
		6077 6079 6095 6103 6108 6115 6123 6126 6127 6134 6146 6151 6155 6162 6165 6168 6171 6176 6178 6184 6189 6190 6193 6194 6198 6200 6206 6207 6208 6212 6213 6214 6218 6219 6222 6229 6235 6236 6237 6239 6240 6241 6250 6251 6252 6255 6259 6263 6267 6275 6280 6281 6283 6286 6288 6295 6298 6301 6302 6304 6305 6306 6317 6319 6321 6323 6324 6331 6332 6333 6342 
	}
	manpower=111111
	buildings_max_level_factor=1.000
	local_supplies=0.000
	state_category=town
}
