state={
	id=188
	name="STATE_188"
	history={
		buildings = {
			infrastructure = 1
		}
		owner = ARK
		add_core_of = ARK
	}
	provinces={
		6268 6269 6270 6271 6274 6276 6278 6284 6291 6292 6294 6303 6307 6308 6309 6311 6312 6313 6314 6315 6318 6320 6322 6325 6326 6327 6328 6329 6330 6334 6335 6336 6337 6338 6339 6340 6341 6343 6344 6345 6346 6347 6348 6349 6350 6351 6352 6353 6354 6355 6356 6357 6358 6359 6360 6361 6362 6363 6364 6365 6366 
	}
	manpower=111111
	buildings_max_level_factor=1.000
	local_supplies=0.000
	state_category=town
}
