state={
	id=189
	name="STATE_189"
	history={
		buildings = {
			infrastructure = 1
		}
		owner = SAL
		add_core_of = SAL
	}
	provinces={
		5370 6038 6048 6059 6071 6074 6076 6081 6082 6112 6113 6119 6120 6130 6137 6140 6141 6142 6145 6148 6158 6160 6163 6166 6169 6173 6177 6179 6181 6182 6185 6186 6187 6191 6192 6195 6196 6201 6209 6210 6211 6216 6220 6223 6226 6228 6230 6231 6233 6234 6238 6242 6244 6245 6249 6253 6254 6256 6261 6262 6264 6279 6287 
	}
	manpower=111111
	buildings_max_level_factor=1.000
	local_supplies=0.000
	state_category=town
}
