state={
	id=19
	name="STATE_19"
	state_category = town
	resources = {
		oil = 80
		steel = 10
	}
	
	history={
		owner = KOL
		buildings = {
			infrastructure = 1
		}
		add_core_of = KOL
	}
	provinces={
		3 78 98 119 173 190 194 195 215 258 282 353 366 395 404 422 445 451 455 477 483 598 667 734 742 753 760 774 787 808 896 916 1003 1017 1022 1026 1048 1115 1148 1155 1254 1284 1287 1303 1312 1362 1433 1461 1463 1487 1526 1660 1698 1740 1741 1763 1767 1800 1830 1832 1838 1873 1902 2087 2191 2206 2209 2238 2272 2303 2403 2482 2512 2531 2598 2687 2705 2707 2733 2743 2756 2758 2807 2844 2857 2862 2886 2922 2927 2956 2958 2996 3022 3531 3573 3593 3602 3611 3641 3645 3651 3670 3680 3699 3713 3723 3733 3742 3743 3746 3758 3767 3768 3798 3801 3805 3812 3826 3851 3854 3875 3879 3880 3898 3901 3904 3912 3932 3938 3981 4011 4012 4018 4028 4049 4122 4168 
	}
	manpower=6187539
	buildings_max_level_factor=1.000
}
