state={
	id=190
	name="STATE_190"
	history={
		buildings = {
			infrastructure = 1
		}
		owner = REX
		add_core_of = REX
	}
	provinces={
		5348 5390 6057 6060 6063 6069 6072 6078 6085 6086 6088 6093 6096 6099 6100 6101 6105 6106 6107 6116 6117 6118 6121 6122 6124 6125 6128 6132 6133 6135 6138 6139 6143 6144 6147 6149 6150 6152 6153 6154 6156 6159 6161 6164 6167 6170 6172 6174 6175 6180 6183 6188 6197 6199 6202 6203 6204 6205 6215 6217 6221 6224 6225 6227 6232 6243 6246 6247 6248 6257 6258 6260 6265 6266 6272 6273 6277 6282 6285 6289 6290 6293 6296 6297 6299 6300 6310 6316 
	}
	manpower=111111
	buildings_max_level_factor=1.000
	local_supplies=0.000
	state_category=town
}
