state={
	id=191
	name="STATE_191"
	history={
		buildings = {
			infrastructure = 1
		}
		owner = NUV
		add_core_of = NUV
	}
	provinces={
		5698 5711 5713 5715 5716 5717 5718 5731 5734 5738 5742 5743 5745 5747 5750 5751 5755 5756 5758 5760 5770 5773 5774 5776 5777 5780 5783 5785 5786 5789 5792 5796 5798 5799 5802 5803 5808 5809 5812 5813 5814 5816 5817 5820 5821 5825 5827 5830 5832 5833 5836 5837 5838 5839 5845 5846 5847 5850 5851 5852 5854 5856 5857 5858 5865 5866 5868 5870 5873 5876 5877 5880 5881 5885 5887 5888 5890 5891 5892 5893 5894 5895 5902 5903 5906 5907 5909 5910 5916 5919 5921 5922 5923 5924 5930 5931 5934 5936 5939 5941 5947 5950 5951 5953 5954 5955 5957 5959 5961 5963 5966 5971 5974 5975 5978 5979 5980 5981 5982 5983 5984 5985 5989 5990 5993 5995 6000 6002 6003 6007 6008 6009 6011 6012 6014 6017 6019 6024 6026 6027 6028 6029 6030 6031 6032 6035 6039 6040 6041 6045 6049 6050 6052 6054 6055 6061 6062 6065 6066 6075 6083 6084 6092 6098 
	}
	manpower=111111
	buildings_max_level_factor=1.000
	local_supplies=0.000
	state_category=town
}
