state={
	id=192
	name="STATE_192"
	history={
		buildings = {
			infrastructure = 1
		}
		owner = GRT
		add_core_of = GRT
	}
	provinces={
		5702 5705 5706 5707 5714 5721 5722 5728 5729 5732 5733 5735 5736 5737 5748 5749 5752 5754 5759 5761 5762 5763 5765 5766 5768 5769 5771 5772 5775 5778 5779 5781 5782 5784 5787 5788 5790 5791 5793 5794 5795 5797 5800 5801 5804 5805 5806 5807 5810 5811 5815 5818 5819 5822 5823 5824 5826 5828 5829 5831 5834 5835 5840 5841 5842 5843 5844 5848 5849 5853 5855 5859 5860 5861 5862 5863 5864 5867 5869 5871 5872 5874 5875 5878 5879 5882 5883 5884 5886 5889 5896 5897 5898 5899 5900 5901 5904 5905 5908 5911 5912 5913 5914 5915 5917 5918 5920 5925 5926 5927 5928 5929 5932 5933 5935 5937 5938 5940 5942 5943 5944 5945 5946 5948 5949 5952 5956 5958 5960 5962 5964 5965 5967 5968 5969 5970 5972 5973 5976 5977 5986 5987 5988 5991 5992 5994 5996 5997 5998 5999 6001 6004 6005 6006 6010 6013 6015 6016 6018 6020 6021 6022 6023 6025 6033 6034 6036 6037 6042 6043 6044 6046 6047 6051 6053 6056 6058 6064 6067 6068 6070 6073 6080 6087 6089 6090 6091 6094 6097 6102 6104 6109 6110 6111 6114 6129 6131 6136 6157 
	}
	manpower=111111
	buildings_max_level_factor=1.000
	local_supplies=0.000
	state_category=town
}
