state={
	id=193
	name="STATE_193"
	history={
		buildings = {
			infrastructure = 1
		}
		owner = MRK
		add_core_of = MRK
	}
	provinces={
		5441 5442 5450 5452 5453 5455 5456 5459 5460 5461 5466 5468 5469 5471 5472 5473 5475 5476 5477 5478 5479 5480 5482 5483 5485 5488 5489 5490 5492 5493 5495 5498 5499 5501 5502 5503 5504 5506 5507 5510 5511 5512 5515 5516 5518 5519 5521 5523 5526 5527 5528 5530 5532 5533 5535 5536 5537 5538 5540 5541 5544 5546 5547 5549 5550 5551 5552 5553 5554 5556 5557 5558 5559 5562 5565 5566 5569 5570 5572 5574 5576 5577 5578 5579 5581 5584 5585 5586 5587 5590 5591 5594 5595 5596 5598 5600 5601 5602 5604 5605 5606 5607 5608 5609 5611 5617 5618 5621 5622 5623 5624 5626 5628 5631 5632 5633 5634 5637 5638 5639 5642 5643 5645 5646 5647 5648 5653 5654 5656 5657 5660 5661 5662 5664 5665 5666 5671 5672 5674 5676 5677 5679 5680 5682 5683 5684 5686 5689 5690 5691 5693 5695 5699 5700 5701 5703 5704 5710 5719 5720 5724 5725 5727 5730 5740 5741 5744 5746 5753 5757 5764 5767 
	}
	manpower=111111
	buildings_max_level_factor=1.000
	local_supplies=0.000
	state_category=town
}
