state={
	id=194
	name="STATE_194"
	history={
		buildings = {
			infrastructure = 1
		}
		owner = TOT
		add_core_of = TOT
	}
	provinces={
		5412 5413 5414 5415 5416 5417 5418 5419 5420 5421 5422 5423 5424 5425 5426 5427 5428 5429 5430 5431 5432 5433 5434 5435 5436 5437 5438 5439 5440 5443 5444 5445 5446 5447 5448 5449 5451 5454 5457 5458 5462 5463 5464 5465 5467 5470 5474 5481 5484 5486 5487 5491 5494 5496 5497 5500 5505 5508 5509 5513 5514 5517 5520 5522 5524 5525 5529 5531 5534 5539 5542 5543 5545 5548 5555 5560 5561 5563 5564 5567 5568 5571 5573 5575 5580 5582 5583 5588 5589 5592 5593 5597 5599 5603 5610 5612 5613 5614 5615 5616 5619 5620 5625 5627 5629 5630 5635 5636 5640 5641 5644 5649 5650 5651 5652 5655 5658 5659 5663 5667 5668 5669 5670 5673 5675 5678 5681 5685 5687 5688 5692 5694 5696 5697 5708 5709 5712 5723 5726 5739 
	}
	manpower=111111
	buildings_max_level_factor=1.000
	local_supplies=0.000
	state_category=town
}
