state={
	id=20
	name="STATE_20"
	state_category = town
	resources = {
		aluminium = 92
		steel = 172
	}
	
	history={
		owner = ARS
		victory_points = {
			2019 4
		}
		victory_points = {
			3905 2
		}
		victory_points = {
			4084 1
		}
		buildings = {
			infrastructure = 1
			arms_factory = 2
			industrial_complex = 2
			dockyard = 1
			4266 = {
				naval_base = 1
			}
			641 = {
				naval_base = 1
			}
			1639 = {
				naval_base = 1
			}
		}
		add_core_of = ARS
	}
	provinces={
		1 13 20 22 32 37 61 68 92 97 107 111 122 127 137 151 155 159 174 206 209 239 244 250 255 267 275 278 280 287 290 293 299 303 324 332 348 358 367 370 374 375 391 398 401 406 413 416 425 430 431 435 438 444 448 450 457 458 459 485 491 512 540 543 553 555 557 564 568 570 578 581 586 587 594 600 606 609 615 621 625 628 641 649 655 658 664 665 670 680 683 703 713 717 720 735 740 743 744 749 756 757 769 773 789 798 799 800 801 802 812 813 815 817 825 828 842 850 852 858 861 874 875 882 894 900 907 911 912 948 956 968 980 1005 1008 1010 1014 1025 1031 1058 1060 1063 1064 1069 1090 1091 1101 1108 1110 1122 1130 1131 1137 1139 1149 1150 1154 1167 1168 1169 1173 1186 1189 1190 1191 1202 1204 1213 1223 1224 1229 1238 1239 1240 1259 1263 1265 1275 1279 1286 1302 1304 1306 1309 1313 1318 1325 1329 1342 1344 1345 1347 1351 1357 1360 1364 1365 1394 1396 1401 1406 1425 1439 1442 1446 1450 1451 1453 1457 1458 1462 1467 1469 1476 1501 1505 1507 1515 1522 1525 1529 1533 1540 1551 1558 1575 1588 1592 1595 1627 1639 1652 1655 1658 1681 1686 1690 1693 1694 1702 1704 1716 1731 1732 1735 1736 1746 1748 1758 1760 1766 1774 1810 1813 1815 1816 1818 1827 1828 1839 1840 1855 1863 1865 1883 1885 1901 1903 1905 1910 1930 1935 1943 1947 1948 1956 1965 1968 1969 1986 2000 2006 2008 2012 2019 2023 2041 2045 2049 2050 2053 2061 2073 2101 2106 2113 2114 2122 2125 2126 2131 2139 2145 2147 2149 2152 2155 2161 2168 2185 2203 2204 2211 2222 2227 2254 2257 2258 2259 2261 2269 2270 2274 2288 2293 2305 2311 2313 2322 2325 2326 2335 2339 2342 2357 2361 2363 2376 2377 2378 2379 2380 2386 2402 2406 2407 2420 2427 2439 2440 2441 2445 2462 2463 2471 2473 2485 2487 2488 2513 2523 2524 2556 2558 2567 2568 2571 2572 2590 2596 2599 2600 2603 2621 2626 2650 2654 2662 2665 2679 2704 2717 2724 2727 2728 2736 2737 2741 2746 2757 2760 2769 2773 2805 2817 2818 2819 2835 2836 2842 2845 2851 2854 2866 2867 2874 2878 2894 2896 2901 2913 2914 2919 2926 2928 2930 2945 2952 2973 2984 2987 3016 3020 3469 3472 3509 3517 3534 3544 3545 3558 3559 3569 3579 3587 3589 3592 3600 3603 3621 3622 3626 3627 3632 3635 3647 3649 3657 3666 3667 3682 3685 3687 3695 3702 3722 3724 3725 3726 3727 3735 3738 3745 3747 3748 3751 3752 3759 3769 3770 3772 3779 3782 3797 3799 3802 3806 3807 3809 3811 3814 3815 3818 3822 3827 3829 3832 3833 3834 3836 3840 3841 3845 3846 3859 3863 3864 3865 3868 3869 3871 3881 3890 3891 3902 3905 3908 3914 3918 3921 3925 3928 3929 3930 3936 3942 3943 3944 3947 3948 3949 3950 3952 3953 3954 3958 3962 3963 3964 3965 3969 3970 3974 3977 3978 3982 3989 3990 3991 3993 3994 3995 3997 4000 4001 4002 4007 4013 4015 4019 4021 4022 4026 4029 4030 4031 4033 4037 4040 4041 4043 4044 4046 4051 4052 4053 4056 4059 4063 4064 4065 4069 4071 4072 4075 4077 4078 4082 4083 4084 4091 4094 4095 4101 4106 4108 4110 4111 4115 4116 4117 4121 4123 4126 4129 4130 4131 4133 4138 4139 4142 4143 4147 4149 4150 4153 4156 4161 4165 4166 4169 4172 4181 4182 4184 4188 4190 4192 4195 4199 4201 4207 4209 4210 4213 4215 4219 4220 4224 4226 4227 4228 4230 4233 4237 4242 4243 4246 4249 4252 4253 4259 4260 4261 4266 4269 4272 4286 4290 4293 4294 4299 4300 4304 4309 4314 4317 4324 4329 4343 4345 
	}
	manpower=51712689	
	buildings_max_level_factor=1.000
}
