
state={
	id=21
	name="STATE_21"

	history={
		victory_points = {
			521 2 
		}
		buildings = {
			infrastructure = 2

		}
		owner = ARS
		add_core_of = ARS

	}

	provinces={
		51 52 65 86 105 137 162 241 257 258 320 330 368 423 438 460 462 489 491 517 521 522 535 566 607 618 703 711 730 770 783 820 864 901 944 994 1002 1005 1006 1010 1013 1025 1053 1066 1076 1079 1133 1154 1170 1178 1179 1258 1276 1305 1306 1332 1383 1783 1795 1810 1815 1821 1830 1835 1837 1847 1854 1855 1865 1866 1885 1892 1893 1904 1905 1911 1920 1921 1926 1927 1935 1946 1965 
	}
	manpower=0
	buildings_max_level_factor=1.000
	state_category=town
	local_supplies=0.000
}
