
state={
	id=3
	name="STATE_3"

	history={
		victory_points = {
			273 2
		}
		buildings = {
			infrastructure = 2

		}
		owner = OBR
		add_core_of = OBR

	}

	provinces={
		64 68 128 141 147 158 172 196 204 219 249 260 273 311 313 314 322 345 383 389 394 412 428 443 454 470 483 520 543 555 602 603 633 634 686 728 748 764 809 816 823 832 843 847 851 857 889 900 923 939 943 971 998 1027 1058 1125 1130 1144 1190 1191 1194 1260 1307 1326 1329 1336 1338 1363 1386 1403 1408 1425 1428 1429 1446 1449 1452 1457 1471 1475 1477 1480 1481 1485 1490 1492 1493 1501 1504 1516 1519 1520 1527 1528 1532 1533 1540 1542 1562 1569 1576 1583 1591 1604 
	}
	manpower=0
	buildings_max_level_factor=1.000
	state_category=town
	local_supplies=0.000
}
