state={
	id=3
	name="STATE_3"
	state_category = town
	resources = {
		oil = 5
	}
	
	history={
		owner = ARS
		victory_points = {
			3306 1
		}
		buildings = {
			infrastructure = 1
		}
		add_core_of = ARS
	}
	provinces={
		18 19 46 62 163 181 257 449 473 509 563 577 619 652 654 697 698 793 829 865 904 909 961 1000 1065 1159 1226 1249 1321 1328 1459 1481 1499 1523 1549 1552 1629 1635 1640 1644 1670 1714 1777 1844 1878 1904 1940 1952 1967 1972 1975 2018 2057 2090 2097 2104 2156 2159 2167 2197 2299 2301 2347 2443 2467 2509 2546 2660 2697 2719 2740 2775 2797 2799 2801 2882 2982 3277 3306 3316 3321 3331 3342 3351 3354 3356 3363 3372 3376 3378 3385 3388 3396 3402 3409 3410 3421 3436 3439 3440 3451 3455 3473 3476 3488 3495 3501 3515 3560 3565 
	}
	manpower=4953270
	buildings_max_level_factor=1.000
}
