state={
	id=36
	name="STATE_36"
	history={
		victory_points = {
			593 2
		}
		buildings = {
			infrastructure = 2
		}
		owner = UNF
		add_core_of = UNF
	}
	provinces={
		5 9 11 24 37 48 59 78 112 166 238 278 295 307 375 458 471 486 531 581 593 656 691 706 713 735 773 781 811 856 930 933 945 983 1037 1172 1244 1275 1298 1343 1350 1365 1400 1404 2046 2048 2051 2057 2072 2075 2076 2082 2083 2087 2088 2090 2091 2092 2093 2094 2095 2097 2098 2099 2101 2103 2105 2106 2107 2108 2110 2111 2112 2116 2118 2122 
	}
	manpower=0
	buildings_max_level_factor=1.000
	state_category=town
	local_supplies=0.000
}
