
state={
	id=42
	name="STATE_42"

	history={
		victory_points = {
			182 1
		}
		buildings = {
			infrastructure = 2

		}
		owner = OBR
		add_core_of = OBR

	}

	provinces={
		3 17 71 74 113 125 129 131 134 145 182 262 291 321 373 380 396 419 435 480 512 544 549 621 623 646 657 734 741 747 865 867 895 954 956 1000 1001 1034 1041 1045 1073 1083 1092 1114 1123 1153 1155 1165 1166 1192 1223 1237 1267 1278 1311 1312 1378 1379 1389 1547 1553 1555 1563 1568 1571 1572 1580 1585 1587 1600 1606 1607 1611 1613 1614 1623 1630 1634 1635 1643 1649 1656 1660 1667 1668 1669 1674 1675 1676 1688 1692 1694 1707 
	}
	manpower=0
	buildings_max_level_factor=1.000
	state_category=town
	local_supplies=0.000
}
