
state={
	id=47
	name="STATE_47"

	history={
		victory_points = {
			1506 1 
		}
		buildings = {
			infrastructure = 2

		}
		owner = OBR
		add_core_of = OBR

	}

	provinces={
		1 23 26 60 62 107 111 116 149 155 168 190 195 213 216 229 263 265 271 282 356 370 381 385 432 437 447 466 494 495 519 541 626 682 689 696 702 759 789 801 804 805 821 830 859 878 882 884 890 916 920 952 979 1056 1060 1078 1085 1157 1174 1199 1203 1210 1217 1268 1280 1282 1313 1347 1359 1366 1367 1373 1374 1395 1442 1450 1455 1462 1464 1469 1470 1474 1478 1484 1486 1488 1494 1506 1507 1512 1513 1514 1515 1521 1522 1523 1529 1534 1535 1536 1537 1543 1554 1566 1570 1573 1577 1581 1592 1593 1595 1619 3032
	}
	manpower=0
	buildings_max_level_factor=1.000
	state_category=town
	local_supplies=0.000
}
