state={
	id=5
	name="STATE_5"
	history={
		victory_points = {
			1544 1 
		}
		buildings = {
			infrastructure = 2
		}
		owner = SKO
		add_core_of = SKO
	}
	provinces={
		10 57 80 106 117 118 178 181 206 209 248 326 363 364 392 518 539 671 692 762 767 822 838 877 905 949 958 972 980 986 1004 1011 1117 1120 1163 1246 1266 1355 1468 1476 1479 1491 1497 1500 1502 1509 1510 1511 1518 1524 1525 1526 1530 1531 1544 1545 1546 1551 1552 1558 1559 1560 1561 1567 1575 1578 1579 1582 1594 1598 1605 
	}
	manpower=0
	buildings_max_level_factor=1.000
	state_category=town
	local_supplies=0.000
}
