state={
	id=6
	name="STATE_6"
	state_category = town
	resources = {
		tungsten = 77
		steel = 30
	}
	
	history={
		owner = REP
		victory_points = {
			2859 2
		}
		victory_points = {
			410 1
		}
		victory_points = {
			730 1
		}
		victory_points = {
			775 1
		}
		buildings = {
			infrastructure = 1
			arms_factory = 6
			industrial_complex = 6
		}
		add_core_of = REP
	}
	provinces={
		5 55 63 70 139 170 180 196 212 222 246 265 310 321 328 349 371 373 376 384 385 410 463 499 527 533 544 549 569 614 616 634 650 653 691 710 730 733 747 762 775 795 877 906 908 918 939 960 965 1036 1040 1051 1056 1077 1088 1092 1140 1165 1182 1245 1269 1281 1297 1310 1352 1388 1398 1403 1443 1456 1472 1513 1517 1535 1594 1623 1683 1688 1738 1747 1808 1856 1897 1908 1914 1957 1981 1989 2052 2070 2096 2158 2169 2195 2221 2239 2240 2296 2348 2391 2392 2404 2428 2430 2448 2452 2457 2466 2522 2537 2555 2560 2578 2584 2623 2628 2639 2657 2668 2703 2720 2748 2754 2798 2850 2859 2871 2940 2949 2997 2998 3018 3019 4042 4045 4047 4048 4055 4060 4061 4068 4074 4089 4099 4100 4107 4114 4118 4127 4136 4140 4145 4146 4151 4152 4155 4159 4163 4164 4167 4170 4171 4173 4177 4179 4185 4186 4191 4193 4197 4198 4205 4212 4216 4217 4218 4222 4225 4231 4234 4239 4240 4241 4256 4263 4264 4268 4275 4278 4280 4283 4288 4289 4291 4303 4307 4310 4311 4318 4334 
	}
	manpower=30582936	
	buildings_max_level_factor=1.000
}
