state={
	id=7
	name="STATE_7"
	state_category = town
	resources = {
		steel = 203
		aluminium = 39
		oil = 320
	}
	
	history={
		owner = IMP
		victory_points = {
			1112 2
		}
		victory_points = {
			240 1
		}
		buildings = {
			infrastructure = 1
			1112 = {
				naval_base = 1
			}
		}
		add_core_of = IMP
	}
	provinces={
		30 69 86 134 135 166 179 240 260 266 292 306 312 339 341 365 420 426 465 525 538 593 635 706 723 727 765 792 814 841 855 864 903 943 952 958 992 1034 1097 1112 1136 1185 1349 1353 1366 1368 1373 1384 1407 1455 1480 1494 1496 1527 1626 1663 1727 1755 1781 1790 1807 1823 1846 1848 1858 1862 1924 1970 2015 2024 2032 2060 2115 2123 2148 2190 2215 2265 2289 2414 2472 2501 2528 2545 2594 2609 2614 2632 2633 2686 2695 2716 2744 2753 2786 2806 2822 2828 2849 2869 2897 2937 2942 2965 2985 2995 3006 3021 4325 4326 4331 4335 4360 4363 4375 4378 4380 4388 4397 4401 4404 4405 4417 4418 4419 4426 4427 4429 4431 4438 4440 4441 4445 4446 4450 4454 4460 4462 4465 4466 4467 4475 4476 4482 4484 4487 4489 4494 4498 4505 4506 4511 4518 4529 4531 4538 4546 4548 4550 4554 4561 
	}
	manpower=46820800
	buildings_max_level_factor=1.000
}
