
state={
	id=9
	name="STATE_9"

	history={
		victory_points = {
			1697 2
		}
		buildings = {
			infrastructure = 2

		}
		owner = OBR
		add_core_of = OBR

	}

	provinces={
		20 41 55 81 96 98 100 121 151 154 156 169 170 177 185 189 203 226 236 250 268 284 292 308 317 319 342 344 352 367 377 400 403 488 523 526 548 569 583 606 631 647 705 709 720 739 752 753 788 814 842 860 875 914 917 937 940 953 961 984 1012 1015 1020 1035 1086 1097 1102 1119 1122 1127 1129 1156 1176 1183 1215 1216 1240 1256 1257 1293 1328 1340 1369 1584 1599 1622 1638 1639 1658 1659 1662 1665 1671 1684 1685 1686 1687 1693 1697 1699 1702 1706 1708 1711 1716 1717 1719 1722 1723 1725 1726 1734 1739 1750 1751 1758 1761 1772 1773 1785 1798 1802 1813 1851 
	}
	manpower=0
	buildings_max_level_factor=1.000
	state_category=town
	local_supplies=0.000
}
