state={
	id=9
	name="STATE_9"
	state_category = town
	resources = {
		steel = 21
		aluminium = 204
	}
	
	history={
		owner = UFR
		victory_points = {
			2179 2
		}
		buildings = {
			infrastructure = 1
		}
		add_core_of = UFR
	}
	provinces={
		2 9 24 44 58 60 64 65 67 71 73 76 108 117 125 150 158 162 164 189 191 207 216 217 225 231 289 294 297 302 318 331 372 402 412 424 428 453 487 489 497 516 518 530 583 589 608 629 645 657 668 682 715 763 783 785 790 821 823 839 851 885 893 899 924 936 973 986 997 998 999 1004 1012 1035 1041 1046 1052 1055 1061 1083 1087 1093 1100 1117 1193 1195 1196 1220 1227 1251 1258 1277 1285 1289 1363 1370 1371 1379 1410 1444 1473 1477 1479 1502 1512 1564 1568 1572 1605 1616 1637 1669 1675 1706 1712 1713 1715 1724 1729 1765 1772 1795 1798 1799 1886 1916 1923 1933 1961 1963 1973 2013 2020 2047 2054 2076 2077 2081 2084 2086 2128 2129 2138 2140 2143 2151 2163 2179 2184 2192 2229 2232 2235 2236 2241 2242 2267 2275 2283 2297 2340 2344 2351 2421 2449 2478 2484 2489 2497 2504 2505 2530 2538 2565 2580 2582 2625 2627 2645 2649 2663 2666 2674 2675 2684 2699 2701 2709 2730 2731 2732 2734 2764 2782 2824 2826 2841 2856 2870 2889 2900 2906 2909 2924 2925 2947 2950 3011 3017 3026 4058 4080 4086 4096 4102 4103 4104 4125 4134 4135 4144 4154 4162 4178 4187 4200 4203 4208 4238 4251 4255 4257 4258 4262 4267 4271 4273 4282 4284 4287 4295 4296 4297 4301 4302 4305 4306 4313 4315 4319 4320 4321 4323 4330 4332 4333 4337 4338 4344 4347 4348 4351 4354 4355 4356 4359 4362 4365 4367 4371 4374 4376 4377 4379 4383 4384 4391 4395 4396 4398 4400 4403 4406 4409 4411 4412 4414 4416 4420 4421 4422 4423 4428 4430 4434 4436 4437 4439 4443 4444 4451 4455 4457 4461 4463 4468 4470 4471 4477 4478 4479 4481 4483 4485 4491 4495 4499 4503 4508 4512 4515 4522 4532 4533 4536 4537 4541 4551 4553 
	}
	manpower=29145562
	buildings_max_level_factor=1.000
}
